%% 实验数据（原始测量值）
exp_data = [
    % 11800  11.2 0.374   1.694   1.692   1.691   1.692;
    % 12000  11.2 0.380   1.717   1.719   1.720   1.719;
    % 12200  11.2 0.387   1.750   1.750   1.751   1.750;
    % 19600  10.3 0.636   2.880   2.878   2.879   2.879;
    % 19800  10.3 0.643   2.907   2.908   2.907   2.905;
    % 20000  10.3 0.649   2.936   2.936   2.935   2.937;
  2000   12  0.062    0.280   0.280   0.281   0.280;
    2200   12  0.068    0.309   0.309   0.309   0.309;
    2400   12  0.074    0.337   0.338   0.337   0.337;
    2600   12  0.081    0.365   0.366   0.367   0.366;
    2800   12  0.087    0.392   0.392   0.392   0.392;
    3000   12  0.093    0.418   0.420   0.420   0.420;
    3200   12  0.099    0.448   0.448   0.449   0.448;
    3400   12  0.105    0.477   0.478   0.477   0.477;
    3600   12  0.112    0.503   0.503   0.502   0.503;
    3800   12  0.118    0.533   0.534   0.533   0.535;
    4000   12  0.124    0.561   0.561   0.561   0.561;


  
% 2000,1.241,0.062,0.281,12,0.280,0.280,0.281,0.280,0.280
% 2200,1.241,0.068,0.309,12,0.309,0.309,0.308,0.309,0.307
% 2400,1.241,0.074,0.337,12,0.337,0.337,0.338,0.337,0.337
% 2600,1.241,0.081,0.365,12,0.365,0.366,0.366,0.367,0.365
% 2800,1.241,0.087,0.393,12,0.392,0.392,0.392,0.392,0.392
% 3000,1.241,0.093,0.421,12,0.418,0.420,0.420,0.420,0.420
% 3200,1.241,0.099,0.449,12,0.449,0.448,0.449,0.449,0.450
% 3400,1.241,0.105,0.477,12,0.477,0.478,0.477,0.477,0.478
% 3600,1.241,0.112,0.505,12,0.503,0.503,0.503,0.503,0.502
% 3800,1.241,0.118,0.533,12,0.534,0.533,0.534,0.535,0.533
% 4000,1.241,0.124,0.561,12,0.562,0.561,0.561,0.561,0.561
% 4200,1.241,0.130,0.589,12,0.592,0.590,0.588,0.588,0.589
% 4400,1.241,0.137,0.618,12,0.616,0.614,0.615,0.614,0.616
% 4600,1.241,0.143,0.646,12,0.646,0.646,0.644,0.646,0.643
% 4800,1.241,0.149,0.674,12,0.674,0.676,0.675,0.676,0.675
% 5000,1.241,0.155,0.702,12,0.701,0.703,0.701,0.703,0.704
% 5200,1.241,0.161,0.730,12,0.731,0.729,0.731,0.731,0.729
% 5400,1.241,0.168,0.758,12,0.760,0.759,0.760,0.757,0.757
% 5600,1.241,0.174,0.786,12,0.786,0.786,0.784,0.784,0.782
% 5800,1.241,0.180,0.814,12,0.814,0.813,0.814,0.812,0.813
% 6000,1.241,0.186,0.842,12,0.843,0.845,0.843,0.844,0.843
% 6200,1.241,0.192,0.870,12,0.867,0.867,0.865,0.869,0.869
% 6400,1.241,0.199,0.898,12,0.898,0.898,0.898,0.897,0.898
% 6600,1.241,0.205,0.926,12,0.924,0.922,0.927,0.926,0.926
% 6800,1.268,0.216,0.975,11.2,0.972,0.974,0.970,0.972,0.973
% 7000,1.268,0.222,1.004,11.2,1.003,1.004,1.002,1.003,1.003
% 7200,1.268,0.228,1.033,11.2,1.032,1.036,1.034,1.035,1.034
% 7400,1.268,0.235,1.061,11.2,1.062,1.061,1.061,1.062,1.062
% 7600,1.268,0.241,1.090,11.2,1.091,1.091,1.090,1.089,1.091
% 7800,1.268,0.247,1.119,11.2,1.119,1.117,1.119,1.119,1.200
% 8000,1.268,0.254,1.147,11.2,1.145,1.146,1.145,1.147,1.145
% 8200,1.268,0.260,1.176,11.2,1.175,1.173,1.173,1.173,1.175
% 8400,1.268,0.266,1.205,11.2,1.202,1.206,1.205,1.205,1.206
% 8600,1.268,0.273,1.233,11.2,1.235,1.237,1.235,1.238,1.236
% 8800,1.268,0.279,1.262,11.2,1.258,1.259,1.258,1.257,1.259
% 9000,1.268,0.285,1.291,11.2,1.288,1.289,1.289,1.290,1.291
% 9200,1.268,0.292,1.319,11.2,1.316,1.316,1.316,1.317,1.318
% 9400,1.268,0.298,1.348,11.2,1.350,1.349,1.350,1.348,1.348
% 9600,1.268,0.304,1.377,11.2,1.378,1.375,1.376,1.380,1.378
% 9800,1.268,0.311,1.405,11.2,1.403,1.404,1.402,1.403,1.404
% 10000 11.2 0.317 1.435 1.440 1.439 1.438 ;
% 10200 11.2 0.323 1.459 1.461 1.461 1.459 ;
% 10400 11.2 0.330 1.491 1.490 1.491 1.491 ;
% 10600 11.2 0.336 1.520 1.521 1.520 1.522 ;
% 10800 11.2 0.342 1.544 1.542 1.543 1.546 ;
% 11000 11.2 0.349 1.575 1.573 1.573 1.575 ;
% 11200 11.2 0.355 1.608 1.604 1.607 1.607 ;
% 11400 11.2 0.361 1.630 1.633 1.636 1.634 ;
% 11600 11.2 0.368 1.670 1.665 1.661 1.665 ;
% 11800 11.2 0.374 1.693 1.691 1.692 1.694 ;
% 12000 11.2 0.380 1.717 1.719 1.720 1.719 ;
% 12200 11.2 0.387 1.750 1.751 1.753,1.750;
% 12400 11.2 0.393 1.779 1.782 1.780,1.781;
% 12600 11.2 0.399 1.807 1.803 1.803,1.804;
% 12800 11.2 0.406 1.837 1.838 1.839,1.838;
% 13000 11.2 0.412 1.863 1.865 1.866,1.865;
% 13200,1.268,0.418,1.893,11.2,1.894,1.893,1.894,1.890,1.894
% 13400,1.268,0.425,1.922,11.2,1.918,1.917,1.919,1.917,1.918
% 13600,1.268,0.431,1.950,11.2,1.950,1.951,1.948,1.951,1.949
% 13800,1.268,0.437,1.979,11.2,1.979,1.978,1.978,1.982,1.978
% 14000,1.268,0.444,2.008,11.2,2.010,2.009,2.009,2.010,2.008
% 14200,1.268,0.450,2.036,11.2,2.034,2.037,2.034,2.034,2.036
% 14400,1.268,0.456,2.065,11.2,2.067,2.067,2.066,2.067,2.066
% 14600,1.268,0.463,2.094,11.2,2.091,2.091,2.090,2.089,2.091
% 14800,1.268,0.469,2.122,11.2,2.118,2.119,2.118,2.119,2.122
% 15000,1.268,0.476,2.151,11.2,2.153,2.151,2.152,2.151,2.153
% 15200,1.268,0.482,2.180,11.2,2.177,2.178,2.176,2.180,2.178
% 15400,1.268,0.488,2.208,11.2,2.207,2.209,2.207,2.210,2.207
% 15600,1.268,0.495,2.237,11.2,2.238,2.238,2.237,2.239,2.237
% 15800,1.268,0.501,2.266,11.2,2.264,2.262,2.263,2.263,2.263
% 16000,1.268,0.507,2.295,11.2,2.293,2.293,2.293,2.294,2.293
% 16200,1.268,0.514,2.323,11.2,2.325,2.325,2.325,2.324,2.329
% 16400,1.268,0.520,2.352,11.2,2.349,2.347,2.349,2.351,2.349
% 16600,1.268,0.526,2.381,11.2,2.382,2.381,2.382,2.383,2.382
% 16800,1.268,0.533,2.409,11.2,2.412,2.410,2.412,2.414,2.410
% 17000 1.268 0.539 2.436 2.438 2.441 2.434;
% 17200 1.268 0.545 2.468 2.468 2.466 2.467;
% 17400 1.268 0.552 2.498 2.497 2.496 2.497;
% 17600 1.268 0.558 2.526 2.522 2.527 2.526;
% 17800 1.298 0.578 2.610 2.614 2.609 2.609;
% 18000 1.298 0.584 2.643 2.644 2.645 2.643;
% 18200 1.298 0.591 2.673 2.674 2.672 2.673;
% 18400 1.298 0.597 2.704 2.701 2.699 2.798;
% 18600 1.298 0.604 2.730 2.731 2.732 2.731;
% 18800 1.298 0.610 2.762 2.761 2.759 2.760;
% 19000 10.3 0.617 2.785 2.786 2.788 2.789;
% 19200 10.3 0.623 2.820 2.817 2.817 2.819;
% 19400 10.3 0.630 2.848 2.844 2.848 2.849;
% 19600 10.3 0.636 2.880 2.878 2.879 2.879;
% 19800 10.3 0.643 2.908 2.907 2.906 2.907;
% 20000 10.3 0.649 2.936 2.935 2.936 2.934;

];

%% 理论计算结果（您提供的过渡区数据）
